36
         0   29.1911         0         1
         1   27.5134   6.74074         1
         2   24.8292   13.1444         1
         3   20.4673    18.537         1
         4   15.0988   22.9185         1
         5   8.72377   25.6148         1
         6   3.69082    26.963         1
         7         0      27.3         1
         8  -7.04612   26.2889         1
         9  -14.0922   24.9407         1
        10  -20.8028   22.9185         1
        11  -27.1779   20.2222         1
        12  -33.2174   17.1889         1
        13  -56.3689         0         1
        14  -24.3689         0         1
        15   1.30501    21.213         0
        16    2.4111         0         1
        17  -25.8741   10.0971         0
        18   13.1911         0         1
        19   8.83042   16.9824         0
        20  -8.45464   14.5637         0
        21    -21.55   15.8004         0
        22   21.1911         0         1
        23   15.6603   10.1884         0
        24  -10.9789         0         1
        25  -16.6835   7.61984         0
        26   0.78793   11.4848         0
        27  -43.5225   9.53784         1
        28  -40.3689         0         1
        29  -5.96302   6.63125         0
        30    7.8011   6.61889         0
        31   -34.652   8.35569         0
        32  -48.3689         0         1
        33  -49.9457   4.76892         1
        34  -32.3689         0         1
        35   -14.749    17.864         0
46
         0         0         0         0
         1         0         0         0
         2         0         0         0
         3         0         0         0
         4         0         0         0
         5         0         0         0
         6         0         0         0
         7         0         0         0
         8         0         0         0
         9         0         0         0
        10         0         0         0
        11         0         0         0
        12         0         0         0
        13         0         0         0
        14         0         0         0
        15         0         0         0
        16         0         0         0
        17         0         0         0
        18         0         0         0
        19         0         0         0
        20         0         0         0
        21         0         0         0
        22         0         0         0
        23         0         0         0
        24         0         0         0
        25         0         0         0
        26         0         0         0
        27         0         0         0
        28         0         0         0
        29         0         0         0
        30         0         0         0
        31         0         0         0
        32         0         0         0
        33         0         0         0
        34         0         0         0
        35         0         0         0
        36         0         0         0
        37         0         0         0
        38         0         0         0
        39         0         0         0
        40         0         0         0
        41         0         0         0
        42         0         0         0
        43         0         0         0
        44         0         0         0
        45         0         0         0
